1 65 -55
65 1 -55
1 66 -55
66 1 -55
66 65 -55
65 66 -55
1 67 -55
67 1 -55
67 66 -55
66 67 -55
65 129 -55
129 65 -55
65 130 -55
130 65 -55
130 129 -55
129 130 -55
65 131 -55
131 65 -55
131 130 -55
130 131 -55
66 132 -55
132 66 -55
66 133 -55
133 66 -55
133 132 -55
132 133 -55
66 134 -55
134 66 -55
134 133 -55
133 134 -55
67 135 -55
135 67 -55
67 136 -55
136 67 -55
136 135 -55
135 136 -55
67 137 -55
137 67 -55
137 136 -55
136 137 -55
129 193 -55
193 129 -55
129 194 -55
194 129 -55
194 193 -55
193 194 -55
129 195 -55
195 129 -55
195 194 -55
194 195 -55
130 196 -55
196 130 -55
130 197 -55
197 130 -55
197 196 -55
196 197 -55
130 198 -55
198 130 -55
198 197 -55
197 198 -55
131 199 -55
199 131 -55
131 200 -55
200 131 -55
200 199 -55
199 200 -55
131 201 -55
201 131 -55
201 200 -55
200 201 -55
132 202 -55
202 132 -55
132 203 -55
203 132 -55
203 202 -55
202 203 -55
132 204 -55
204 132 -55
204 203 -55
203 204 -55
133 205 -55
205 133 -55
133 206 -55
206 133 -55
206 205 -55
205 206 -55
133 207 -55
207 133 -55
207 206 -55
206 207 -55
134 208 -55
208 134 -55
134 209 -55
209 134 -55
209 208 -55
208 209 -55
134 210 -55
210 134 -55
210 209 -55
209 210 -55
135 211 -55
211 135 -55
135 212 -55
212 135 -55
212 211 -55
211 212 -55
135 213 -55
213 135 -55
213 212 -55
212 213 -55
136 214 -55
214 136 -55
136 215 -55
215 136 -55
215 214 -55
214 215 -55
136 216 -55
216 136 -55
216 215 -55
215 216 -55
137 217 -55
217 137 -55
137 218 -55
218 137 -55
218 217 -55
217 218 -55
137 219 -55
219 137 -55
219 218 -55
218 219 -55
